leak = [46751, 6422, 46705, 11925, 24537, 8856, 11809, 23845, 58776, 17302, 3503, 13608, 65467, 20170,
 55679, 53419, 36582, 6473, 26428, 27938, 62233, 45446, 5365, 64372, 2940, 55182, 36792, 55771,
 59699, 1885, 5689, 35126, 11347, 19336, 5589, 11732, 63358, 57, 53105, 20647, 28561, 46186,
 35258, 28044, 18046, 43672, 36824, 61301, 16121, 54166, 48074, 8876, 22932, 43095, 9216, 48210,
 25117, 31742, 45683, 10860, 49831, 52523, 52762, 47851, 12098, 9616, 9345, 38720, 45615, 44341,
 35798, 49848, 19591, 49979, 48814, 64543, 21091, 5149, 28650, 64674, 5823, 44518, 49392, 41348,
 36007, 46036, 58484, 31473, 8605, 24770, 11025, 12772, 17741, 34742, 49866, 32425, 51875, 2856,
 38187, 55682, 12778, 43284, 40281, 48, 60726, 62929, 30918, 23151, 62205, 22210, 33317, 23028,
 34435, 10375, 55951, 28023, 35746, 47269, 38205, 28384, 50466, 57570, 35366, 54567, 1478,
 36975, 20282, 51752, 20448, 23772, 11552, 53921, 22966, 44990, 55695, 3961, 17298, 4706, 49118,
 23635, 31799, 34268, 16077, 51024, 47569, 55922, 16397, 15116, 50607, 55879, 50983, 50695,
 17870, 1208, 20732, 30391, 21024, 29008, 45009, 10700, 33049, 47957, 10788, 63319, 48459, 4214,
 8907, 13431, 56855, 7152, 59608, 36377, 47354, 27493, 51419, 21367, 8246, 30741, 56743, 30072,
 65086, 52300, 30779, 54607, 48917, 58284, 64497, 17230, 56478, 49724, 58819, 49592, 39067,
 20161, 13976, 32748, 30589, 28155, 40757, 18534, 29693, 40930, 34494, 3166, 65505, 25986,
 41825, 30061, 7849, 18496, 27916, 45783, 15179, 31215, 1221, 49307, 3822, 33902, 50302, 29059,
 3127, 22011, 12031, 9253, 5741, 45496, 63782, 62573, 7750, 2421, 48659, 50694, 37756, 13484,
 51922, 30233, 41037, 53551, 4907, 32166, 22491, 9213, 49885, 52345, 18863, 64328, 64207, 58030,
 53091, 56518, 46658, 56938, 59806, 53533, 54819, 28569, 9112, 11156, 57458, 41656, 34294,
 33113, 25535, 26696, 43061, 51944, 50733, 21045, 54491, 33307, 59657, 38116, 30522, 34864,
 3706, 51887, 53874, 8960, 2689, 40178, 22957, 5713, 15506, 59760, 65478, 21401, 29192, 1976,
 15550, 93, 43330, 31337, 11926, 29730, 57053, 255, 37585, 7177, 5234, 53022, 22400, 7452, 3999,
 41359, 39587, 4534, 53739, 19353, 10707, 65260, 28754, 13239, 8298, 25306, 31454, 12741, 25351,
 58911, 20969, 16459, 59843, 21801, 47798, 37664, 15370, 10263, 50972, 18550, 64395, 57838,
 49579, 64780, 63370, 749, 63581, 18511, 26513, 41818, 39578, 40220, 40742, 50283, 56279, 25273,
 13683, 32687, 20369, 49163, 64854, 5853, 9619, 64508, 65174, 34563, 32221, 45609, 57246, 17875,
 9034, 6880, 4982, 59614, 11920, 59032, 47665, 64923, 27457, 59601, 24657, 39595, 43615, 1667,
 22161, 61526, 46837, 55659, 38381, 51845, 22357, 61765, 21557, 20732, 31767, 8158, 23012, 2468,
 52220, 43789, 15296, 13575, 45317, 19621, 14186, 54919, 48591, 51924, 27894, 27394, 32117,
 11116, 17348, 46859, 54378, 43075, 7757, 4849, 20622, 63934, 63674, 39894, 6649, 58160, 42661,
 14133, 43359, 8296, 5022, 2129, 52291, 29049, 25135, 22311, 30360, 10327, 25630, 5632, 62251,
 35864, 45879, 51361, 36607, 8624, 63283, 4421, 1132, 12561, 16108, 7132, 424, 61108, 38773,
 39520, 36828, 48411, 19053, 3127, 65275, 50352, 9311, 27451, 30949, 54268, 7601, 27826, 64771,
 2144, 34699, 21591, 42976, 43678, 26152, 27746, 11380, 35231, 16702, 43363, 10937, 61750, 2623,
 41184, 32360, 36195, 18360, 20167, 2442, 24392, 32643, 64294, 4702, 36877, 64439, 40858, 34836,
 26197, 53258, 16751, 34357, 28742, 37931, 19036, 58872, 38953, 49046, 60151, 43772, 11209,
 11127, 20905, 40904, 65015, 30291, 14772, 55356, 41254, 60671, 21026, 9655, 35979, 2901, 37656,
 26408, 2180, 54580, 12864, 63281, 3452, 18559, 12135, 12078, 27894, 1790, 29954, 42050, 982,
 23747, 23082, 2427, 11133, 37973, 30634, 9786, 10898, 48066, 17127, 2969, 21468, 58746, 27660,
 64376, 33549, 46722, 61749, 32459, 47101, 42786, 62177, 34635, 9488, 8329, 43630, 60543, 49446,
 60380, 43034, 8607, 25367, 26623, 56835, 12428, 15541, 46943, 63647, 18003, 60173, 65007,
 46875, 43030, 26485, 29560, 55091, 49332, 55741, 57203, 36101, 39526, 26343, 14812, 47075,
 38221, 61072, 63707, 44476, 48932, 40328, 40048, 61147, 82, 17367, 12091, 15479, 54184, 3275,
 30930, 57289, 33175, 4360, 18393, 49258, 10716, 36842, 10794, 6119, 29569, 9328, 17471, 6218,
 29417, 6754, 28642, 13843, 28122, 41787, 25527, 65297, 26671, 37413, 38645, 14683, 37531,
 53799, 7778, 15450, 58163, 37131, 60008, 7827, 5828, 27924, 26049, 61304, 2358, 4396, 56756,
 58576, 23809, 12482, 13237, 44714, 12061, 47276, 59108, 13849, 142, 28445, 47017, 3244, 51480,
 33843, 53381, 40318, 19168, 55724, 49069, 54518, 61046, 27518, 38164, 42566, 40402, 11564,
 52077, 45949, 17664, 41483, 36414, 59445, 53484, 19319, 7822, 9264, 44149, 34524, 47391, 41174,
 35870, 326, 50578, 11895, 51590, 61662, 61925, 63025, 46627, 47422, 61267, 11655, 37107, 23405,
 57111, 11324, 8922, 31894, 38231, 7636, 976, 44953, 65443, 53286, 52618, 44307, 47515, 62567,
 20370, 52815, 50600, 9857, 24052, 20804, 45827, 65279, 53323, 37792, 4880, 36834, 50653, 64726,
 42959, 43349, 28767, 32087, 38144, 27759, 21413, 63587, 35440, 31203, 64202, 34832, 8925,
 42796, 62556, 16252, 7157, 21370, 50752, 38897, 6897, 56600, 47585, 63879, 44907, 57527, 62513,
 40277, 833, 9445, 22837, 6342, 17819, 54740, 24014, 45032, 31966, 54533, 1992, 14380, 63270,
 49568, 20741, 52943, 37173, 16017, 32719, 32912, 61227, 16601, 62852, 27080, 18062, 5615,
 55492, 1349, 25058, 6830, 4602, 1390, 18660, 35733, 27267, 29270, 24458, 63623, 12267, 63435,
 28376, 53560, 10369, 45445, 24773, 50575, 58710, 58351, 24839, 46145, 6132, 40610, 49788,
 40492, 19569, 17334, 17423, 4335, 7831, 42962, 18986, 51007, 29910, 27609, 35914, 11548, 5963,
 55138, 46789, 4660, 38120, 65109, 35353, 65049, 55399, 9433, 65138, 61584, 44496, 59510, 24448,
 12371, 65167, 40691, 26985, 8849, 27817, 38104, 10531, 16769, 29424, 15888, 3386, 40119, 14837,
 44419, 31678, 12382, 32757, 13685, 4692, 13526, 53973, 29055, 60823, 13879, 59221, 6686, 44635,
 51113, 64074, 49656, 33851, 54333, 43615, 51482, 63417, 40930, 107, 46174, 5261, 9158, 58140,
 26543, 38119, 32860, 36622, 2750, 13873, 55419, 24733, 30973, 42822, 33433, 9658, 44372, 51300,
 33895, 38296, 10324, 8623, 10267, 57336, 22316, 21487, 15003, 55718, 38493, 56086, 39698,
 63727, 2128, 26884, 45531, 46015, 22345, 36544, 58626, 2818, 23908, 37059, 61101, 37386, 36032,
 35578, 26464, 63545, 35000, 49815, 54518, 5044, 2201, 38372, 48007, 15074, 50222, 40683, 12861,
 51004, 55966, 53201, 17555, 12146, 51502, 58050, 5944, 49273, 43029, 16156, 35477, 23631,
 49097, 21664, 10622, 64484, 5019, 61620, 12724, 64972, 65515, 2971, 26866, 44929, 30924, 5359,
 39379, 6205, 6738, 50384, 39753, 37458, 27889, 23581, 58678, 1665, 12727, 21537, 36816, 36229,
 2600, 54698, 25803, 25522, 32235, 11594, 38611, 54349, 38818, 812, 24969, 5536, 25349, 11342,
 41992, 14274, 13777, 5665, 5995, 35032, 61897, 9557, 10914, 8510, 61637, 55628, 17923, 4103,
 7103, 49541, 55234, 7849, 48298, 34705, 48099, 41307, 11703, 21371, 59900, 27165, 45777, 35357,
 28305, 15321, 17925, 20116, 7661, 33957, 27111, 62546, 36120, 59725, 33124, 11077, 18853,
 54354, 43654, 60633, 13800, 10170, 64317, 13612, 33150, 65156, 19523, 57790, 6770, 64467, 8491,
 43036, 63071, 22239, 10951, 46515, 4404, 13139, 35643, 3459, 32393, 22008, 15085, 3814, 2197,
 39122, 54518, 48219, 56038, 29615, 35892, 33936, 4393, 3500, 32796, 26538, 39830, 33431, 4940,
 19373, 45499, 35708, 28323, 21647, 1316, 4798, 50548, 19016, 6356, 62158, 11099, 26693, 34639,
 55289, 6198, 6637, 56182, 33449, 57177, 25594, 49285, 11977, 57073, 60641, 9460, 8548, 37831,
 9222, 6141, 6884, 48818, 24251, 57826, 12423, 27846, 9911, 44785, 63346, 27590, 18215, 63071,
 28325, 42942, 36096, 48442, 32667, 62673, 19480, 29336, 18870, 54085, 16363, 57015, 11953,
 44939, 57378, 38474, 41387, 27386, 27364, 12629, 26504, 31507, 219, 60455, 60675, 36446, 2045,
 18464, 2915, 4876, 61397, 3452, 8412, 63401, 39358, 62672, 42287, 44481, 65513, 27150, 36987,
 60777, 3329, 12253, 55299, 47631, 63836, 12418, 49238, 44199, 32230, 12325, 54905, 41489,
 51235, 7879, 42837, 27885, 4014, 55192, 50591, 31566, 15060, 33473, 21312, 36620, 10994, 37988,
 43057, 29207, 57426, 13764, 18889, 54124, 60614, 13764, 37585, 8628, 63360, 56335, 3632, 11220,
 15714, 4241, 38467, 45904, 35842, 56496, 5338, 1363, 37087, 12631, 19673, 38475, 56179, 39920,
 1195, 1914, 42715, 57226, 52375, 60205, 23158, 41866, 38111, 51512, 27375, 65119, 1789, 65450,
 31361, 15185, 7800, 57894, 20001, 8110, 47250, 12422, 42733, 63702, 12330, 49437, 65016, 47118,
 29967, 41283, 21155, 23550, 2030, 39192, 3476, 13613, 64735, 19165, 62471, 37388, 62972, 15159,
 54459, 2522, 29231, 64379, 44629, 5776, 57273, 62863, 35491, 38043, 25955, 25104, 53843, 46177,
 344, 13663, 44920, 54159, 42646, 20367, 55236, 47116, 64508, 46558, 53249, 38410, 39538, 58793,
 16259, 46787, 50995, 36274, 22561, 13454, 40548, 40711, 51423, 10771, 51724, 45608, 59613,
 35051, 23948, 63727, 52592, 6806, 12669, 18780, 19253, 10823, 42241, 27142, 47836, 38261,
 26722, 7030, 48800, 64483, 6761, 895, 43738, 41422, 54323, 54580, 28308, 6687, 51961, 28271,
 46759, 59068, 43249, 39902, 30108, 20861, 15954, 38371, 52070, 10911, 64403, 61074, 61108,
 28739, 9532, 26589, 30268, 53061, 59902, 14524, 31378, 27798, 39137, 42658, 42335, 55402,
 64675, 10039, 13917, 56485, 24043, 61054, 7679, 50228, 65417, 12629, 369, 50291, 53779, 64916,
 12284, 50665, 22953, 42196, 51656, 47031, 10192, 39388, 31380, 3094, 13647, 12286, 64120,
 22461, 44363, 63938, 14998, 24714, 33626, 19110, 9473, 9027, 36879, 15734, 32767, 50527, 52878,
 17156, 40942, 43626, 30543, 54449, 51645, 40108, 61644, 42693, 28405, 59141, 52585, 5505,
 52318, 62547, 13875, 51870, 8404, 9838, 20117, 58895, 13814, 64333, 52164, 20475, 22856, 2813,
 50840, 39708, 64526, 38606, 63988, 40512, 8138, 43503, 48473, 22772, 10304, 5884, 54006, 12411,
 61317, 45593, 56594, 45506, 57074, 40932, 7708, 31810, 35471, 14273, 20214, 27233, 37917,
 45126, 3226, 25535, 53641, 14743, 16976, 253, 7295, 34412, 26687, 30984, 39391, 21380, 43479,
 40409, 20267, 20151, 26730, 63044, 32187, 7347, 54105, 21276, 9391, 42056, 3971, 50413, 45179,
 60558, 1301, 48867, 25314, 24153, 59199, 4270, 4301, 19593, 1570, 61770, 45651, 8501, 24614,
 3296, 29742, 31152, 16702, 25567, 64178, 48103, 4129, 5661, 37350, 56884, 11028, 25065, 36712,
 5350, 61351, 61581, 43493, 11705, 60190, 35537, 12556, 47321, 60517, 24041, 59240, 47835,
 59201, 25812, 30459, 50346, 39196, 61503, 57368, 39937, 13167, 51004, 29872, 11132, 46597,
 17559, 31035, 8803, 20166, 1662, 45675, 51973, 59664, 18606, 42839, 55661, 50102, 14948, 12646,
 31945, 7135, 62429, 31466, 32809, 60563, 48715, 5814, 12543, 1710, 54741, 43858, 12254, 2549,
 56436, 44497, 61375, 51669, 19914, 89, 41222, 53442, 22288, 22596, 19770, 64995, 4048, 14121,
 27256, 19067, 58091, 162, 61925, 51404, 35788, 56860, 24348, 13639, 42816, 16210, 20574, 15416,
 320, 48904, 6270, 19800, 28548, 38292, 46547, 52423, 35577, 18444, 26245, 16763, 59001, 50199,
 55007, 40680, 43252, 41273, 39433, 39304, 988, 35810, 64893, 56170, 53546, 50539, 25296, 38788,
 32333, 47356, 31950, 11474, 54153, 52855, 20135, 54455, 52351, 41854, 62762, 53920, 45525,
 49767, 16649, 2341, 36507, 4077, 1030, 36536, 6130, 2536, 9416, 22417, 18231, 16572, 24549,
 4761, 38758, 23985, 23431, 36828, 45475, 38532, 4060, 52076, 34796, 42215, 54158, 57100, 53303,
 34337, 50803, 58563, 48186, 32837, 28156, 6054, 62830, 2463, 47487, 20601, 15335, 7670, 34567,
 23202, 27798, 61311, 22285, 33599, 43473, 2142, 63029, 54127, 30609, 30926, 27859, 23242,
 50861, 32808, 58090, 57135, 16590, 48115, 4860, 12937, 38355, 14953, 55813, 63761, 57475,
 49080, 3871, 18202, 3440, 54913, 52876, 35539, 2333, 16317, 6936, 20856, 34008, 23795, 10946,
 5842, 6697, 56200, 59836, 45918, 2624, 9219, 56739, 46548, 17062, 2280, 52886, 10423, 40743,
 64263, 30418, 27756, 10152, 24300, 38545, 39675, 61286, 49543, 53004, 14177, 23540, 6533,
 62962, 2899, 41281, 47075, 49678, 52273, 18410, 37348, 21479, 60452, 45660, 9709, 58009, 44448,
 35243, 36595, 16588, 39771, 40370, 62143, 35121, 35191, 56230, 29702, 40382, 1364, 11824,
 36764, 21990, 61445, 23329, 49737, 49708, 51539, 18366, 6563, 29607, 50353, 61938, 26128,
 61167, 2821, 20135, 38978, 60892, 43339, 23513, 44936, 8023, 62984, 27386, 7990, 27866, 19571,
 49283, 63197, 31792, 10051, 25375, 45856, 54605, 21843, 12861, 8233, 50663, 37097, 27035,
 55032, 39367, 64658, 28824, 15973, 42613, 14744, 42937, 53130, 64915, 35553, 48102, 36837,
 26394, 29073, 7706, 64901, 40560, 4312, 55423, 10391, 34713, 1166, 3916, 32192, 53694, 26610,
 19505, 30428, 55233, 43853, 52924, 40145, 64978, 24059, 18300, 27114, 37546, 12582, 42641,
 5868, 12814, 40563, 52763, 37628, 20627, 41830, 47797, 3174, 62025, 62027, 16871, 9099, 33594,
 7405, 34485, 65419, 49969, 58717, 29989, 16264, 26757, 57655, 19353, 47139, 4490, 15189, 9136,
 36915, 41071, 61457, 29091, 24697, 36804, 32273, 61793, 7220, 1253, 34335, 4072, 4050, 27413,
 6793, 10025, 37315, 53088, 64321, 50713, 42025, 24007, 44808, 27398, 34702, 14880, 24745, 6222,
 40662, 1131, 58708, 43657, 25027, 55153, 46799, 23077, 36041, 63869, 34871, 7253, 59263, 65380,
 18278, 59799, 11415, 30364, 41055, 60326, 36151, 55413, 64966, 2743, 58265, 38587, 17144,
 63106, 603, 14315, 36720, 50472, 46908, 23456, 55141, 63734, 13933, 44401, 63943, 60733, 47279,
 53352, 56405, 30958, 12306, 11560, 50279, 41020, 61700, 60314, 5564, 11178, 18573, 26969,
 45368, 23334, 29287, 45701, 51197, 62375, 2156, 25620, 50348, 32311, 41707, 6566, 51877, 9805,
 56782, 25451, 21191, 18465, 49613, 52154, 3092, 30650, 51864, 44023, 11064, 59309, 37316,
 43223, 9817, 34601, 23824, 5439, 21847, 50411, 30841, 18291, 26969, 31345, 2372, 25609, 56029,
 51895, 44297, 1823, 11682, 13619, 62155, 45434, 38032, 15872, 55026, 48624, 55220, 2078, 16468,
 58811, 59287, 53042, 42100, 19151, 43138, 22791, 63408, 49990, 12491, 46321, 56161, 9430,
 23728, 35727, 28971, 15614, 1007, 40947, 25222, 51549, 32543, 57030, 12681, 33592, 1378, 8374,
 55507, 49887, 34703, 20518, 22740, 11543, 43203, 3473, 39715, 22200, 56520, 6658, 3368, 19473,
 58890, 39805, 17181, 54412, 18145, 52126, 24667, 58172, 20477, 60997, 44699, 42633, 59931, 393,
 29460, 45976, 24931, 36265, 56684, 61212, 21475, 11840, 4253, 46930, 43922, 38238, 38386,
 35921, 60328, 40588, 10590, 29366, 55277, 22923, 46708, 12497, 22068, 29987, 35313, 61719,
 58424, 11300, 36208, 15146, 17116, 27870, 22415, 17666, 25475, 33682, 12868, 38089, 34597,
 12866, 59131, 21428, 10683, 35912, 62682, 32137, 21515, 16969, 17226, 26787, 1365, 8933, 24387,
 3649, 3652, 3537, 31117, 37349, 36662, 50481, 45693, 7422, 58107, 39455, 58311, 8597, 21355,
 15961, 14217, 33642, 42574, 56450, 4184, 47889, 23116, 58246, 36926, 65130, 1194, 28090, 31789,
 7340, 48778, 24988, 20296, 40863, 8537, 36684, 24799, 27259, 3433, 46852, 60430, 19600, 3544,
 57279, 2803, 38736, 29341, 1747, 40417, 38809, 61750, 46959, 38822, 8747, 31942, 42227, 52223,
 14840, 47446, 8899, 23480, 11861, 7083, 61282, 38164, 42463, 11392, 55125, 55721, 62364, 42389,
 39339, 29539, 30883, 50723, 42690, 13728, 54895, 25050, 38792, 2460, 31136, 21883, 14301,
 51337, 11017, 4197, 7199, 51167, 27918, 28904, 3483, 22761, 32720, 1164, 62977, 18337, 4304,
 53924, 8864, 40406, 29112, 35190, 38450, 22821, 62031, 19008, 3739, 52336, 6431, 36814, 43670,
 17955, 1783, 49658, 53196, 48704, 29866, 40889, 58417, 41489, 13812, 12462, 25607, 43335,
 27547, 15032, 56293, 42012, 15161, 21240, 53873, 64865, 42979, 17830, 5258, 63864, 34046,
 44466, 40323, 28118, 20449, 25304, 48218, 23316, 38895, 3450, 56312, 44970, 22942, 42081,
 24591, 62625, 64818, 24618, 3014, 49548, 10592, 2085, 28535, 39381, 61144, 48704, 60733, 192,
 16720, 41714, 26635, 59731, 4969, 36388, 22611, 8760, 36212, 23022, 32730, 28089, 16232, 49064,
 57677, 46760, 22138, 59473, 60024, 46493, 47535, 65220, 62498, 48554, 28135, 3383, 15724, 109,
 58195, 59488, 22523, 8322, 11768, 13853, 36776, 14005, 59717, 54534, 45020, 56044, 58441,
 58018, 37257, 1175, 10950, 22556, 49736, 18972, 37405, 7829, 31720, 19920, 39147, 16259, 36038,
 22887, 24901, 61623, 59513, 22676, 7212, 35183, 49530, 412, 25539, 13199, 40077, 50946, 32241,
 60139, 7385, 23244, 38797, 19661, 51238, 11130, 59224, 9161, 52503, 22591, 7860, 12621, 56387,
 1821, 62635, 6556, 48569, 45632, 18453, 40027, 51036, 11024, 29967, 18970, 19039, 20442, 56322,
 58206, 57605, 13392, 8612, 16354, 14398, 14267, 36314, 46064, 44663, 24523, 23846, 49098,
 21626, 49962, 56710, 19002, 52657, 51733, 58045, 59782, 26720, 52131, 27317, 9693, 13822,
 34162, 36925, 31237, 10670, 39666, 34058, 20554, 60023, 60165, 26691, 17281, 33045, 63788,
 23427, 37777, 46967]
iv = '704df9a1b77e9db9a197291e'
ct = '51fbb27a3ad5ffe21bf8e84bf8b36d8525b5c67560289cd4d6bfb74b8e781667f9d6e242131725526b8357727e8579eeab596e91db9e9ee882904faefec9ee8cf1da6f835bb8964dda649cf01ec7a12add0d74c8113d084e191d107bcabb88312a19'
N = 19937